0000000000,[[0.36423539 0.56802694]
 [0.36423539 0.56802694]
 [0.36423539 0.56802694]
 [0.36423539 0.56802694]
 [0.36423539 0.56802694]
 [0.36423539 0.56802694]
 [0.36423539 0.56802694]
 [0.36423539 0.56802694]
 [0.36423539 0.56802694]
 [0.36423539 0.56802694]]
0000000001,[[0.4422748  0.58241106]
 [0.39459909 0.53504316]
 [0.44318189 0.58400189]
 [0.35924069 0.47253064]
 [0.3187401  0.46824191]
 [0.3279347  0.54453952]
 [0.40279481 0.56419024]
 [0.36966367 0.45740249]
 [0.41272986 0.65044346]
 [0.33029004 0.56805929]]
0000000010,[[0.58073269 0.67591798]
 [0.46474352 0.42183717]
 [0.61426755 0.5598086 ]
 [0.33491724 0.31047914]
 [0.23442542 0.36805139]
 [0.20036286 0.4352845 ]
 [0.46124259 0.44189859]
 [0.36285851 0.22903413]
 [0.44005598 0.76459854]
 [0.23501885 0.56541957]]
0000000011,[[0.58012277 0.678812  ]
 [0.46736326 0.41832209]
 [0.61489264 0.55916513]
 [0.3330817  0.30977401]
 [0.23148854 0.37230166]
 [0.19811586 0.43045173]
 [0.45847763 0.43552762]
 [0.36301294 0.22773928]
 [0.43593169 0.76780327]
 [0.23439932 0.567738  ]]
0000000100,[[0.57453698 0.69642933]
 [0.54148053 0.33777929]
 [0.6158334  0.55813597]
 [0.32429048 0.31329925]
 [0.19554073 0.42977079]
 [0.1950148  0.39498987]
 [0.4356297  0.39951336]
 [0.36370839 0.22481128]
 [0.4061432  0.79122925]
 [0.24708896 0.63347508]]
0000000101,[[0.57453698 0.69642934]
 [0.54152485 0.33771563]
 [0.6158334  0.55813597]
 [0.32429048 0.31329925]
 [0.19554012 0.42977185]
 [0.19501481 0.39498982]
 [0.4356297  0.39951336]
 [0.36370839 0.22481128]
 [0.4061432  0.79122925]
 [0.24709091 0.63348291]]
0000000110,[[0.57453698 0.69642934]
 [0.54182991 0.33723748]
 [0.6158334  0.55813597]
 [0.32429048 0.31329925]
 [0.19553667 0.42977785]
 [0.19501486 0.39498957]
 [0.43562968 0.39951334]
 [0.36370839 0.22481128]
 [0.40614318 0.79122926]
 [0.24710315 0.63353188]]
0000000111,[[0.57453698 0.69642934]
 [0.54185528 0.33719298]
 [0.6158334  0.55813597]
 [0.32429048 0.31329925]
 [0.19553645 0.42977824]
 [0.19501486 0.39498955]
 [0.43562968 0.39951334]
 [0.36370839 0.22481128]
 [0.40614318 0.79122926]
 [0.24710406 0.63353552]]
0000001000,[[0.57453698 0.69642934]
 [0.54202488 0.3256663 ]
 [0.6158334  0.55813597]
 [0.32429048 0.31329925]
 [0.1955343  0.42978199]
 [0.19501488 0.39498945]
 [0.43562968 0.39951334]
 [0.36370839 0.22481128]
 [0.40614318 0.79122926]
 [0.24711547 0.63358121]]
0000001001,[[0.57453698 0.69642934]
 [0.54202473 0.3256604 ]
 [0.6158334  0.55813597]
 [0.32429048 0.31329925]
 [0.1955343  0.42978199]
 [0.19501488 0.39498945]
 [0.43562968 0.39951334]
 [0.36370839 0.22481128]
 [0.40614318 0.79122926]
 [0.24711547 0.63358121]]
0000001010,[[0.57453698 0.69642934]
 [0.54202336 0.32560786]
 [0.6158334  0.55813597]
 [0.32429048 0.31329925]
 [0.1955343  0.42978199]
 [0.19501488 0.39498945]
 [0.43562968 0.39951334]
 [0.36370839 0.22481128]
 [0.40614318 0.79122926]
 [0.24711547 0.63358121]]
0000001011,[[0.57453698 0.69642934]
 [0.54202321 0.32560208]
 [0.6158334  0.55813597]
 [0.32429048 0.31329925]
 [0.1955343  0.42978199]
 [0.19501488 0.39498945]
 [0.43562968 0.39951334]
 [0.36370839 0.22481128]
 [0.40614318 0.79122926]
 [0.24711547 0.63358121]]
0000001100,[[0.57453698 0.69642934]
 [0.54201095 0.3251308 ]
 [0.6158334  0.55813597]
 [0.32429048 0.31329925]
 [0.1955343  0.42978199]
 [0.19501488 0.39498945]
 [0.43562968 0.39951334]
 [0.36370839 0.22481128]
 [0.40614318 0.79122926]
 [0.24711547 0.63358121]]
0000001101,[[0.57453698 0.69642934]
 [0.54201082 0.32512597]
 [0.6158334  0.55813597]
 [0.32429048 0.31329925]
 [0.1955343  0.42978199]
 [0.19501488 0.39498945]
 [0.43562968 0.39951334]
 [0.36370839 0.22481128]
 [0.40614318 0.79122926]
 [0.24711547 0.63358121]]
0000001110,[[0.57453698 0.69642934]
 [0.5420097  0.32508291]
 [0.6158334  0.55813597]
 [0.32429048 0.31329925]
 [0.1955343  0.42978199]
 [0.19501488 0.39498945]
 [0.43562968 0.39951334]
 [0.36370839 0.22481128]
 [0.40614318 0.79122926]
 [0.24711547 0.63358121]]
0000001111,[[0.57453698 0.69642934]
 [0.54200958 0.32507818]
 [0.6158334  0.55813597]
 [0.32429048 0.31329925]
 [0.1955343  0.42978199]
 [0.19501488 0.39498945]
 [0.43562968 0.39951334]
 [0.36370839 0.22481128]
 [0.40614318 0.79122926]
 [0.24711547 0.63358121]]
0000010000,[[0.57453698 0.69642934]
 [0.54195322 0.32291718]
 [0.6158334  0.55813597]
 [0.32429048 0.31329925]
 [0.1955343  0.42978199]
 [0.19501488 0.39498945]
 [0.43562968 0.39951334]
 [0.36370839 0.22481128]
 [0.40614318 0.79122926]
 [0.24711547 0.63358121]]
0000010001,[[0.57453698 0.69642934]
 [0.54195322 0.32291718]
 [0.6158334  0.55813597]
 [0.32429048 0.31329925]
 [0.1955343  0.42978199]
 [0.19501488 0.39498945]
 [0.43562968 0.39951334]
 [0.36370839 0.22481128]
 [0.40614318 0.79122926]
 [0.24711547 0.63358121]]
0000010010,[[0.57453698 0.69642934]
 [0.54195322 0.32291718]
 [0.6158334  0.55813597]
 [0.32429048 0.31329925]
 [0.1955343  0.42978199]
 [0.19501488 0.39498945]
 [0.43562968 0.39951334]
 [0.36370839 0.22481128]
 [0.40614318 0.79122926]
 [0.24711547 0.63358121]]
0000010011,[[0.57453698 0.69642934]
 [0.54195322 0.32291718]
 [0.6158334  0.55813597]
 [0.32429048 0.31329925]
 [0.1955343  0.42978199]
 [0.19501488 0.39498945]
 [0.43562968 0.39951334]
 [0.36370839 0.22481128]
 [0.40614318 0.79122926]
 [0.24711547 0.63358121]]
0000010100,[[0.57453698 0.69642934]
 [0.54195322 0.32291718]
 [0.6158334  0.55813597]
 [0.32429048 0.31329925]
 [0.1955343  0.42978199]
 [0.19501488 0.39498945]
 [0.43562968 0.39951334]
 [0.36370839 0.22481128]
 [0.40614318 0.79122926]
 [0.24711547 0.63358121]]
0000010101,[[0.57453698 0.69642934]
 [0.54195322 0.32291718]
 [0.6158334  0.55813597]
 [0.32429048 0.31329925]
 [0.1955343  0.42978199]
 [0.19501488 0.39498945]
 [0.43562968 0.39951334]
 [0.36370839 0.22481128]
 [0.40614318 0.79122926]
 [0.24711547 0.63358121]]
0000010110,[[0.57453698 0.69642934]
 [0.54195322 0.32291718]
 [0.6158334  0.55813597]
 [0.32429048 0.31329925]
 [0.1955343  0.42978199]
 [0.19501488 0.39498945]
 [0.43562968 0.39951334]
 [0.36370839 0.22481128]
 [0.40614318 0.79122926]
 [0.24711547 0.63358121]]
0000010111,[[0.57453698 0.69642934]
 [0.54195322 0.32291718]
 [0.6158334  0.55813597]
 [0.32429048 0.31329925]
 [0.1955343  0.42978199]
 [0.19501488 0.39498945]
 [0.43562968 0.39951334]
 [0.36370839 0.22481128]
 [0.40614318 0.79122926]
 [0.24711547 0.63358121]]
0000011000,[[0.57453698 0.69642934]
 [0.54195322 0.32291718]
 [0.6158334  0.55813597]
 [0.32429048 0.31329925]
 [0.1955343  0.42978199]
 [0.19501488 0.39498945]
 [0.43562968 0.39951334]
 [0.36370839 0.22481128]
 [0.40614318 0.79122926]
 [0.24711547 0.63358121]]
0000011001,[[0.57453698 0.69642934]
 [0.54195322 0.32291718]
 [0.6158334  0.55813597]
 [0.32429048 0.31329925]
 [0.1955343  0.42978199]
 [0.19501488 0.39498945]
 [0.43562968 0.39951334]
 [0.36370839 0.22481128]
 [0.40614318 0.79122926]
 [0.24711547 0.63358121]]
0000011010,[[0.57453698 0.69642934]
 [0.54195322 0.32291718]
 [0.6158334  0.55813597]
 [0.32429048 0.31329925]
 [0.1955343  0.42978199]
 [0.19501488 0.39498945]
 [0.43562968 0.39951334]
 [0.36370839 0.22481128]
 [0.40614318 0.79122926]
 [0.24711547 0.63358121]]
0000011011,[[0.57453698 0.69642934]
 [0.54195322 0.32291718]
 [0.6158334  0.55813597]
 [0.32429048 0.31329925]
 [0.1955343  0.42978199]
 [0.19501488 0.39498945]
 [0.43562968 0.39951334]
 [0.36370839 0.22481128]
 [0.40614318 0.79122926]
 [0.24711547 0.63358121]]
0000011100,[[0.57453698 0.69642934]
 [0.54195322 0.32291718]
 [0.6158334  0.55813597]
 [0.32429048 0.31329925]
 [0.1955343  0.42978199]
 [0.19501488 0.39498945]
 [0.43562968 0.39951334]
 [0.36370839 0.22481128]
 [0.40614318 0.79122926]
 [0.24711547 0.63358121]]
0000011101,[[0.57453698 0.69642934]
 [0.54195322 0.32291718]
 [0.6158334  0.55813597]
 [0.32429048 0.31329925]
 [0.1955343  0.42978199]
 [0.19501488 0.39498945]
 [0.43562968 0.39951334]
 [0.36370839 0.22481128]
 [0.40614318 0.79122926]
 [0.24711547 0.63358121]]
0000011110,[[0.57453698 0.69642934]
 [0.54195322 0.32291718]
 [0.6158334  0.55813597]
 [0.32429048 0.31329925]
 [0.1955343  0.42978199]
 [0.19501488 0.39498945]
 [0.43562968 0.39951334]
 [0.36370839 0.22481128]
 [0.40614318 0.79122926]
 [0.24711547 0.63358121]]
0000011111,[[0.57453698 0.69642934]
 [0.54195322 0.32291718]
 [0.6158334  0.55813597]
 [0.32429048 0.31329925]
 [0.1955343  0.42978199]
 [0.19501488 0.39498945]
 [0.43562968 0.39951334]
 [0.36370839 0.22481128]
 [0.40614318 0.79122926]
 [0.24711547 0.63358121]]
0000100000,[[0.57453698 0.69642934]
 [0.54195322 0.32291718]
 [0.6158334  0.55813597]
 [0.32429048 0.31329925]
 [0.1955343  0.42978199]
 [0.19501488 0.39498945]
 [0.43562968 0.39951334]
 [0.36370839 0.22481128]
 [0.40614318 0.79122926]
 [0.24711547 0.63358121]]
0000100001,[[0.57453698 0.69642934]
 [0.54195322 0.32291718]
 [0.6158334  0.55813597]
 [0.32429048 0.31329925]
 [0.1955343  0.42978199]
 [0.19501488 0.39498945]
 [0.43562968 0.39951334]
 [0.36370839 0.22481128]
 [0.40614318 0.79122926]
 [0.24711547 0.63358121]]
0000100010,[[0.57453698 0.69642934]
 [0.54195322 0.32291718]
 [0.6158334  0.55813597]
 [0.32429048 0.31329925]
 [0.1955343  0.42978199]
 [0.19501488 0.39498945]
 [0.43562968 0.39951334]
 [0.36370839 0.22481128]
 [0.40614318 0.79122926]
 [0.24711547 0.63358121]]
0000100011,[[0.57453698 0.69642934]
 [0.54195322 0.32291718]
 [0.6158334  0.55813597]
 [0.32429048 0.31329925]
 [0.1955343  0.42978199]
 [0.19501488 0.39498945]
 [0.43562968 0.39951334]
 [0.36370839 0.22481128]
 [0.40614318 0.79122926]
 [0.24711547 0.63358121]]
0000100100,[[0.57453698 0.69642934]
 [0.54195322 0.32291718]
 [0.6158334  0.55813597]
 [0.32429048 0.31329925]
 [0.1955343  0.42978199]
 [0.19501488 0.39498945]
 [0.43562968 0.39951334]
 [0.36370839 0.22481128]
 [0.40614318 0.79122926]
 [0.24711547 0.63358121]]
0000100101,[[0.57453698 0.69642934]
 [0.54195322 0.32291718]
 [0.6158334  0.55813597]
 [0.32429048 0.31329925]
 [0.1955343  0.42978199]
 [0.19501488 0.39498945]
 [0.43562968 0.39951334]
 [0.36370839 0.22481128]
 [0.40614318 0.79122926]
 [0.24711547 0.63358121]]
0000100110,[[0.57453698 0.69642934]
 [0.54195322 0.32291718]
 [0.6158334  0.55813597]
 [0.32429048 0.31329925]
 [0.1955343  0.42978199]
 [0.19501488 0.39498945]
 [0.43562968 0.39951334]
 [0.36370839 0.22481128]
 [0.40614318 0.79122926]
 [0.24711547 0.63358121]]
0000100111,[[0.57453698 0.69642934]
 [0.54195322 0.32291718]
 [0.6158334  0.55813597]
 [0.32429048 0.31329925]
 [0.1955343  0.42978199]
 [0.19501488 0.39498945]
 [0.43562968 0.39951334]
 [0.36370839 0.22481128]
 [0.40614318 0.79122926]
 [0.24711547 0.63358121]]
0000101000,[[0.57453698 0.69642934]
 [0.54195322 0.32291718]
 [0.6158334  0.55813597]
 [0.32429048 0.31329925]
 [0.1955343  0.42978199]
 [0.19501488 0.39498945]
 [0.43562968 0.39951334]
 [0.36370839 0.22481128]
 [0.40614318 0.79122926]
 [0.24711547 0.63358121]]
0000101001,[[0.57453698 0.69642934]
 [0.54195322 0.32291718]
 [0.6158334  0.55813597]
 [0.32429048 0.31329925]
 [0.1955343  0.42978199]
 [0.19501488 0.39498945]
 [0.43562968 0.39951334]
 [0.36370839 0.22481128]
 [0.40614318 0.79122926]
 [0.24711547 0.63358121]]
0000101010,[[0.57453698 0.69642934]
 [0.54195322 0.32291718]
 [0.6158334  0.55813597]
 [0.32429048 0.31329925]
 [0.1955343  0.42978199]
 [0.19501488 0.39498945]
 [0.43562968 0.39951334]
 [0.36370839 0.22481128]
 [0.40614318 0.79122926]
 [0.24711547 0.63358121]]
0000101011,[[0.57453698 0.69642934]
 [0.54195322 0.32291718]
 [0.6158334  0.55813597]
 [0.32429048 0.31329925]
 [0.1955343  0.42978199]
 [0.19501488 0.39498945]
 [0.43562968 0.39951334]
 [0.36370839 0.22481128]
 [0.40614318 0.79122926]
 [0.24711547 0.63358121]]
0000101100,[[0.57453698 0.69642934]
 [0.54195322 0.32291718]
 [0.6158334  0.55813597]
 [0.32429048 0.31329925]
 [0.1955343  0.42978199]
 [0.19501488 0.39498945]
 [0.43562968 0.39951334]
 [0.36370839 0.22481128]
 [0.40614318 0.79122926]
 [0.24711547 0.63358121]]
0000101101,[[0.57453698 0.69642934]
 [0.54195322 0.32291718]
 [0.6158334  0.55813597]
 [0.32429048 0.31329925]
 [0.1955343  0.42978199]
 [0.19501488 0.39498945]
 [0.43562968 0.39951334]
 [0.36370839 0.22481128]
 [0.40614318 0.79122926]
 [0.24711547 0.63358121]]
0000101110,[[0.57453698 0.69642934]
 [0.54195322 0.32291718]
 [0.6158334  0.55813597]
 [0.32429048 0.31329925]
 [0.1955343  0.42978199]
 [0.19501488 0.39498945]
 [0.43562968 0.39951334]
 [0.36370839 0.22481128]
 [0.40614318 0.79122926]
 [0.24711547 0.63358121]]
0000101111,[[0.57453698 0.69642934]
 [0.54195322 0.32291718]
 [0.6158334  0.55813597]
 [0.32429048 0.31329925]
 [0.1955343  0.42978199]
 [0.19501488 0.39498945]
 [0.43562968 0.39951334]
 [0.36370839 0.22481128]
 [0.40614318 0.79122926]
 [0.24711547 0.63358121]]
0000110000,[[0.57453698 0.69642934]
 [0.54195322 0.32291718]
 [0.6158334  0.55813597]
 [0.32429048 0.31329925]
 [0.1955343  0.42978199]
 [0.19501488 0.39498945]
 [0.43562968 0.39951334]
 [0.36370839 0.22481128]
 [0.40614318 0.79122926]
 [0.24711547 0.63358121]]
0000110001,[[0.57453698 0.69642934]
 [0.54195322 0.32291718]
 [0.6158334  0.55813597]
 [0.32429048 0.31329925]
 [0.1955343  0.42978199]
 [0.19501488 0.39498945]
 [0.43562968 0.39951334]
 [0.36370839 0.22481128]
 [0.40614318 0.79122926]
 [0.24711547 0.63358121]]
0000110010,[[0.57453698 0.69642934]
 [0.54195322 0.32291718]
 [0.6158334  0.55813597]
 [0.32429048 0.31329925]
 [0.1955343  0.42978199]
 [0.19501488 0.39498945]
 [0.43562968 0.39951334]
 [0.36370839 0.22481128]
 [0.40614318 0.79122926]
 [0.24711547 0.63358121]]
0000110011,[[0.57453698 0.69642934]
 [0.54195322 0.32291718]
 [0.6158334  0.55813597]
 [0.32429048 0.31329925]
 [0.1955343  0.42978199]
 [0.19501488 0.39498945]
 [0.43562968 0.39951334]
 [0.36370839 0.22481128]
 [0.40614318 0.79122926]
 [0.24711547 0.63358121]]
0000110100,[[0.57453698 0.69642934]
 [0.54195322 0.32291718]
 [0.6158334  0.55813597]
 [0.32429048 0.31329925]
 [0.1955343  0.42978199]
 [0.19501488 0.39498945]
 [0.43562968 0.39951334]
 [0.36370839 0.22481128]
 [0.40614318 0.79122926]
 [0.24711547 0.63358121]]
0000110101,[[0.57453698 0.69642934]
 [0.54195322 0.32291718]
 [0.6158334  0.55813597]
 [0.32429048 0.31329925]
 [0.1955343  0.42978199]
 [0.19501488 0.39498945]
 [0.43562968 0.39951334]
 [0.36370839 0.22481128]
 [0.40614318 0.79122926]
 [0.24711547 0.63358121]]
0000110110,[[0.57453698 0.69642934]
 [0.54195322 0.32291718]
 [0.6158334  0.55813597]
 [0.32429048 0.31329925]
 [0.1955343  0.42978199]
 [0.19501488 0.39498945]
 [0.43562968 0.39951334]
 [0.36370839 0.22481128]
 [0.40614318 0.79122926]
 [0.24711547 0.63358121]]
0000110111,[[0.57453698 0.69642934]
 [0.54195322 0.32291718]
 [0.6158334  0.55813597]
 [0.32429048 0.31329925]
 [0.1955343  0.42978199]
 [0.19501488 0.39498945]
 [0.43562968 0.39951334]
 [0.36370839 0.22481128]
 [0.40614318 0.79122926]
 [0.24711547 0.63358121]]
0000111000,[[0.57453698 0.69642934]
 [0.54195322 0.32291718]
 [0.6158334  0.55813597]
 [0.32429048 0.31329925]
 [0.1955343  0.42978199]
 [0.19501488 0.39498945]
 [0.43562968 0.39951334]
 [0.36370839 0.22481128]
 [0.40614318 0.79122926]
 [0.24711547 0.63358121]]
0000111001,[[0.57453698 0.69642934]
 [0.54195322 0.32291718]
 [0.6158334  0.55813597]
 [0.32429048 0.31329925]
 [0.1955343  0.42978199]
 [0.19501488 0.39498945]
 [0.43562968 0.39951334]
 [0.36370839 0.22481128]
 [0.40614318 0.79122926]
 [0.24711547 0.63358121]]
0000111010,[[0.57453698 0.69642934]
 [0.54195322 0.32291718]
 [0.6158334  0.55813597]
 [0.32429048 0.31329925]
 [0.1955343  0.42978199]
 [0.19501488 0.39498945]
 [0.43562968 0.39951334]
 [0.36370839 0.22481128]
 [0.40614318 0.79122926]
 [0.24711547 0.63358121]]
0000111011,[[0.57453698 0.69642934]
 [0.54195322 0.32291718]
 [0.6158334  0.55813597]
 [0.32429048 0.31329925]
 [0.1955343  0.42978199]
 [0.19501488 0.39498945]
 [0.43562968 0.39951334]
 [0.36370839 0.22481128]
 [0.40614318 0.79122926]
 [0.24711547 0.63358121]]
0000111100,[[0.57453698 0.69642934]
 [0.54195322 0.32291718]
 [0.6158334  0.55813597]
 [0.32429048 0.31329925]
 [0.1955343  0.42978199]
 [0.19501488 0.39498945]
 [0.43562968 0.39951334]
 [0.36370839 0.22481128]
 [0.40614318 0.79122926]
 [0.24711547 0.63358121]]
0000111101,[[0.57453698 0.69642934]
 [0.54195322 0.32291718]
 [0.6158334  0.55813597]
 [0.32429048 0.31329925]
 [0.1955343  0.42978199]
 [0.19501488 0.39498945]
 [0.43562968 0.39951334]
 [0.36370839 0.22481128]
 [0.40614318 0.79122926]
 [0.24711547 0.63358121]]
0000111110,[[0.57453698 0.69642934]
 [0.54195322 0.32291718]
 [0.6158334  0.55813597]
 [0.32429048 0.31329925]
 [0.1955343  0.42978199]
 [0.19501488 0.39498945]
 [0.43562968 0.39951334]
 [0.36370839 0.22481128]
 [0.40614318 0.79122926]
 [0.24711547 0.63358121]]
0000111111,[[0.57453698 0.69642934]
 [0.54195322 0.32291718]
 [0.6158334  0.55813597]
 [0.32429048 0.31329925]
 [0.1955343  0.42978199]
 [0.19501488 0.39498945]
 [0.43562968 0.39951334]
 [0.36370839 0.22481128]
 [0.40614318 0.79122926]
 [0.24711547 0.63358121]]
0001000000,[[0.57453698 0.69642934]
 [0.54195322 0.32291718]
 [0.6158334  0.55813597]
 [0.32429048 0.31329925]
 [0.1955343  0.42978199]
 [0.19501488 0.39498945]
 [0.43562968 0.39951334]
 [0.36370839 0.22481128]
 [0.40614318 0.79122926]
 [0.24711547 0.63358121]]
0001000001,[[0.57453698 0.69642934]
 [0.54195322 0.32291718]
 [0.6158334  0.55813597]
 [0.32429048 0.31329925]
 [0.1955343  0.42978199]
 [0.19501488 0.39498945]
 [0.43562968 0.39951334]
 [0.36370839 0.22481128]
 [0.40614318 0.79122926]
 [0.24711547 0.63358121]]
0001000010,[[0.57453698 0.69642934]
 [0.54195322 0.32291718]
 [0.6158334  0.55813597]
 [0.32429048 0.31329925]
 [0.1955343  0.42978199]
 [0.19501488 0.39498945]
 [0.43562968 0.39951334]
 [0.36370839 0.22481128]
 [0.40614318 0.79122926]
 [0.24711547 0.63358121]]
0001000011,[[0.57453698 0.69642934]
 [0.54195322 0.32291718]
 [0.6158334  0.55813597]
 [0.32429048 0.31329925]
 [0.1955343  0.42978199]
 [0.19501488 0.39498945]
 [0.43562968 0.39951334]
 [0.36370839 0.22481128]
 [0.40614318 0.79122926]
 [0.24711547 0.63358121]]
0001000100,[[0.57453698 0.69642934]
 [0.54195322 0.32291718]
 [0.6158334  0.55813597]
 [0.32429048 0.31329925]
 [0.1955343  0.42978199]
 [0.19501488 0.39498945]
 [0.43562968 0.39951334]
 [0.36370839 0.22481128]
 [0.40614318 0.79122926]
 [0.24711547 0.63358121]]
0001000101,[[0.57453698 0.69642934]
 [0.54195322 0.32291718]
 [0.6158334  0.55813597]
 [0.32429048 0.31329925]
 [0.1955343  0.42978199]
 [0.19501488 0.39498945]
 [0.43562968 0.39951334]
 [0.36370839 0.22481128]
 [0.40614318 0.79122926]
 [0.24711547 0.63358121]]
0001000110,[[0.57453698 0.69642934]
 [0.54195322 0.32291718]
 [0.6158334  0.55813597]
 [0.32429048 0.31329925]
 [0.1955343  0.42978199]
 [0.19501488 0.39498945]
 [0.43562968 0.39951334]
 [0.36370839 0.22481128]
 [0.40614318 0.79122926]
 [0.24711547 0.63358121]]
0001000111,[[0.57453698 0.69642934]
 [0.54195322 0.32291718]
 [0.6158334  0.55813597]
 [0.32429048 0.31329925]
 [0.1955343  0.42978199]
 [0.19501488 0.39498945]
 [0.43562968 0.39951334]
 [0.36370839 0.22481128]
 [0.40614318 0.79122926]
 [0.24711547 0.63358121]]
0001001000,[[0.57453698 0.69642934]
 [0.54195322 0.32291718]
 [0.6158334  0.55813597]
 [0.32429048 0.31329925]
 [0.1955343  0.42978199]
 [0.19501488 0.39498945]
 [0.43562968 0.39951334]
 [0.36370839 0.22481128]
 [0.40614318 0.79122926]
 [0.24711547 0.63358121]]
0001001001,[[0.57453698 0.69642934]
 [0.54195322 0.32291718]
 [0.6158334  0.55813597]
 [0.32429048 0.31329925]
 [0.1955343  0.42978199]
 [0.19501488 0.39498945]
 [0.43562968 0.39951334]
 [0.36370839 0.22481128]
 [0.40614318 0.79122926]
 [0.24711547 0.63358121]]
0001001010,[[0.57453698 0.69642934]
 [0.54195322 0.32291718]
 [0.6158334  0.55813597]
 [0.32429048 0.31329925]
 [0.1955343  0.42978199]
 [0.19501488 0.39498945]
 [0.43562968 0.39951334]
 [0.36370839 0.22481128]
 [0.40614318 0.79122926]
 [0.24711547 0.63358121]]
0001001011,[[0.57453698 0.69642934]
 [0.54195322 0.32291718]
 [0.6158334  0.55813597]
 [0.32429048 0.31329925]
 [0.1955343  0.42978199]
 [0.19501488 0.39498945]
 [0.43562968 0.39951334]
 [0.36370839 0.22481128]
 [0.40614318 0.79122926]
 [0.24711547 0.63358121]]
0001001100,[[0.57453698 0.69642934]
 [0.54195322 0.32291718]
 [0.6158334  0.55813597]
 [0.32429048 0.31329925]
 [0.1955343  0.42978199]
 [0.19501488 0.39498945]
 [0.43562968 0.39951334]
 [0.36370839 0.22481128]
 [0.40614318 0.79122926]
 [0.24711547 0.63358121]]
0001001101,[[0.57453698 0.69642934]
 [0.54195322 0.32291718]
 [0.6158334  0.55813597]
 [0.32429048 0.31329925]
 [0.1955343  0.42978199]
 [0.19501488 0.39498945]
 [0.43562968 0.39951334]
 [0.36370839 0.22481128]
 [0.40614318 0.79122926]
 [0.24711547 0.63358121]]
0001001110,[[0.57453698 0.69642934]
 [0.54195322 0.32291718]
 [0.6158334  0.55813597]
 [0.32429048 0.31329925]
 [0.1955343  0.42978199]
 [0.19501488 0.39498945]
 [0.43562968 0.39951334]
 [0.36370839 0.22481128]
 [0.40614318 0.79122926]
 [0.24711547 0.63358121]]
0001001111,[[0.57453698 0.69642934]
 [0.54195322 0.32291718]
 [0.6158334  0.55813597]
 [0.32429048 0.31329925]
 [0.1955343  0.42978199]
 [0.19501488 0.39498945]
 [0.43562968 0.39951334]
 [0.36370839 0.22481128]
 [0.40614318 0.79122926]
 [0.24711547 0.63358121]]
0001010000,[[0.57453698 0.69642934]
 [0.54195322 0.32291718]
 [0.6158334  0.55813597]
 [0.32429048 0.31329925]
 [0.1955343  0.42978199]
 [0.19501488 0.39498945]
 [0.43562968 0.39951334]
 [0.36370839 0.22481128]
 [0.40614318 0.79122926]
 [0.24711547 0.63358121]]
0001010001,[[0.57453698 0.69642934]
 [0.54195322 0.32291718]
 [0.6158334  0.55813597]
 [0.32429048 0.31329925]
 [0.1955343  0.42978199]
 [0.19501488 0.39498945]
 [0.43562968 0.39951334]
 [0.36370839 0.22481128]
 [0.40614318 0.79122926]
 [0.24711547 0.63358121]]
0001010010,[[0.57453698 0.69642934]
 [0.54195322 0.32291718]
 [0.6158334  0.55813597]
 [0.32429048 0.31329925]
 [0.1955343  0.42978199]
 [0.19501488 0.39498945]
 [0.43562968 0.39951334]
 [0.36370839 0.22481128]
 [0.40614318 0.79122926]
 [0.24711547 0.63358121]]
0001010011,[[0.57453698 0.69642934]
 [0.54195322 0.32291718]
 [0.6158334  0.55813597]
 [0.32429048 0.31329925]
 [0.1955343  0.42978199]
 [0.19501488 0.39498945]
 [0.43562968 0.39951334]
 [0.36370839 0.22481128]
 [0.40614318 0.79122926]
 [0.24711547 0.63358121]]
0001010100,[[0.57453698 0.69642934]
 [0.54195322 0.32291718]
 [0.6158334  0.55813597]
 [0.32429048 0.31329925]
 [0.1955343  0.42978199]
 [0.19501488 0.39498945]
 [0.43562968 0.39951334]
 [0.36370839 0.22481128]
 [0.40614318 0.79122926]
 [0.24711547 0.63358121]]
0001010101,[[0.57453698 0.69642934]
 [0.54195322 0.32291718]
 [0.6158334  0.55813597]
 [0.32429048 0.31329925]
 [0.1955343  0.42978199]
 [0.19501488 0.39498945]
 [0.43562968 0.39951334]
 [0.36370839 0.22481128]
 [0.40614318 0.79122926]
 [0.24711547 0.63358121]]
0001010110,[[0.57453698 0.69642934]
 [0.54195322 0.32291718]
 [0.6158334  0.55813597]
 [0.32429048 0.31329925]
 [0.1955343  0.42978199]
 [0.19501488 0.39498945]
 [0.43562968 0.39951334]
 [0.36370839 0.22481128]
 [0.40614318 0.79122926]
 [0.24711547 0.63358121]]
0001010111,[[0.57453698 0.69642934]
 [0.54195322 0.32291718]
 [0.6158334  0.55813597]
 [0.32429048 0.31329925]
 [0.1955343  0.42978199]
 [0.19501488 0.39498945]
 [0.43562968 0.39951334]
 [0.36370839 0.22481128]
 [0.40614318 0.79122926]
 [0.24711547 0.63358121]]
0001011000,[[0.57453698 0.69642934]
 [0.54195322 0.32291718]
 [0.6158334  0.55813597]
 [0.32429048 0.31329925]
 [0.1955343  0.42978199]
 [0.19501488 0.39498945]
 [0.43562968 0.39951334]
 [0.36370839 0.22481128]
 [0.40614318 0.79122926]
 [0.24711547 0.63358121]]
0001011001,[[0.57453698 0.69642934]
 [0.54195322 0.32291718]
 [0.6158334  0.55813597]
 [0.32429048 0.31329925]
 [0.1955343  0.42978199]
 [0.19501488 0.39498945]
 [0.43562968 0.39951334]
 [0.36370839 0.22481128]
 [0.40614318 0.79122926]
 [0.24711547 0.63358121]]
0001011010,[[0.57453698 0.69642934]
 [0.54195322 0.32291718]
 [0.6158334  0.55813597]
 [0.32429048 0.31329925]
 [0.1955343  0.42978199]
 [0.19501488 0.39498945]
 [0.43562968 0.39951334]
 [0.36370839 0.22481128]
 [0.40614318 0.79122926]
 [0.24711547 0.63358121]]
0001011011,[[0.57453698 0.69642934]
 [0.54195322 0.32291718]
 [0.6158334  0.55813597]
 [0.32429048 0.31329925]
 [0.1955343  0.42978199]
 [0.19501488 0.39498945]
 [0.43562968 0.39951334]
 [0.36370839 0.22481128]
 [0.40614318 0.79122926]
 [0.24711547 0.63358121]]
0001011100,[[0.57453698 0.69642934]
 [0.54195322 0.32291718]
 [0.6158334  0.55813597]
 [0.32429048 0.31329925]
 [0.1955343  0.42978199]
 [0.19501488 0.39498945]
 [0.43562968 0.39951334]
 [0.36370839 0.22481128]
 [0.40614318 0.79122926]
 [0.24711547 0.63358121]]
0001011101,[[0.57453698 0.69642934]
 [0.54195322 0.32291718]
 [0.6158334  0.55813597]
 [0.32429048 0.31329925]
 [0.1955343  0.42978199]
 [0.19501488 0.39498945]
 [0.43562968 0.39951334]
 [0.36370839 0.22481128]
 [0.40614318 0.79122926]
 [0.24711547 0.63358121]]
0001011110,[[0.57453698 0.69642934]
 [0.54195322 0.32291718]
 [0.6158334  0.55813597]
 [0.32429048 0.31329925]
 [0.1955343  0.42978199]
 [0.19501488 0.39498945]
 [0.43562968 0.39951334]
 [0.36370839 0.22481128]
 [0.40614318 0.79122926]
 [0.24711547 0.63358121]]
0001011111,[[0.57453698 0.69642934]
 [0.54195322 0.32291718]
 [0.6158334  0.55813597]
 [0.32429048 0.31329925]
 [0.1955343  0.42978199]
 [0.19501488 0.39498945]
 [0.43562968 0.39951334]
 [0.36370839 0.22481128]
 [0.40614318 0.79122926]
 [0.24711547 0.63358121]]
0001100000,[[0.57453698 0.69642934]
 [0.54195322 0.32291718]
 [0.6158334  0.55813597]
 [0.32429048 0.31329925]
 [0.1955343  0.42978199]
 [0.19501488 0.39498945]
 [0.43562968 0.39951334]
 [0.36370839 0.22481128]
 [0.40614318 0.79122926]
 [0.24711547 0.63358121]]
0001100001,[[0.57453698 0.69642934]
 [0.54195322 0.32291718]
 [0.6158334  0.55813597]
 [0.32429048 0.31329925]
 [0.1955343  0.42978199]
 [0.19501488 0.39498945]
 [0.43562968 0.39951334]
 [0.36370839 0.22481128]
 [0.40614318 0.79122926]
 [0.24711547 0.63358121]]
0001100010,[[0.57453698 0.69642934]
 [0.54195322 0.32291718]
 [0.6158334  0.55813597]
 [0.32429048 0.31329925]
 [0.1955343  0.42978199]
 [0.19501488 0.39498945]
 [0.43562968 0.39951334]
 [0.36370839 0.22481128]
 [0.40614318 0.79122926]
 [0.24711547 0.63358121]]
0001100011,[[0.57453698 0.69642934]
 [0.54195322 0.32291718]
 [0.6158334  0.55813597]
 [0.32429048 0.31329925]
 [0.1955343  0.42978199]
 [0.19501488 0.39498945]
 [0.43562968 0.39951334]
 [0.36370839 0.22481128]
 [0.40614318 0.79122926]
 [0.24711547 0.63358121]]
0001100100,[[0.57453698 0.69642934]
 [0.54195322 0.32291718]
 [0.6158334  0.55813597]
 [0.32429048 0.31329925]
 [0.1955343  0.42978199]
 [0.19501488 0.39498945]
 [0.43562968 0.39951334]
 [0.36370839 0.22481128]
 [0.40614318 0.79122926]
 [0.24711547 0.63358121]]
0001100101,[[0.57453698 0.69642934]
 [0.54195322 0.32291718]
 [0.6158334  0.55813597]
 [0.32429048 0.31329925]
 [0.1955343  0.42978199]
 [0.19501488 0.39498945]
 [0.43562968 0.39951334]
 [0.36370839 0.22481128]
 [0.40614318 0.79122926]
 [0.24711547 0.63358121]]
0001100110,[[0.57453698 0.69642934]
 [0.54195322 0.32291718]
 [0.6158334  0.55813597]
 [0.32429048 0.31329925]
 [0.1955343  0.42978199]
 [0.19501488 0.39498945]
 [0.43562968 0.39951334]
 [0.36370839 0.22481128]
 [0.40614318 0.79122926]
 [0.24711547 0.63358121]]
0001100111,[[0.57453698 0.69642934]
 [0.54195322 0.32291718]
 [0.6158334  0.55813597]
 [0.32429048 0.31329925]
 [0.1955343  0.42978199]
 [0.19501488 0.39498945]
 [0.43562968 0.39951334]
 [0.36370839 0.22481128]
 [0.40614318 0.79122926]
 [0.24711547 0.63358121]]
0001101000,[[0.57453698 0.69642934]
 [0.54195322 0.32291718]
 [0.6158334  0.55813597]
 [0.32429048 0.31329925]
 [0.1955343  0.42978199]
 [0.19501488 0.39498945]
 [0.43562968 0.39951334]
 [0.36370839 0.22481128]
 [0.40614318 0.79122926]
 [0.24711547 0.63358121]]
0001101001,[[0.57453698 0.69642934]
 [0.54195322 0.32291718]
 [0.6158334  0.55813597]
 [0.32429048 0.31329925]
 [0.1955343  0.42978199]
 [0.19501488 0.39498945]
 [0.43562968 0.39951334]
 [0.36370839 0.22481128]
 [0.40614318 0.79122926]
 [0.24711547 0.63358121]]
0001101010,[[0.57453698 0.69642934]
 [0.54195322 0.32291718]
 [0.6158334  0.55813597]
 [0.32429048 0.31329925]
 [0.1955343  0.42978199]
 [0.19501488 0.39498945]
 [0.43562968 0.39951334]
 [0.36370839 0.22481128]
 [0.40614318 0.79122926]
 [0.24711547 0.63358121]]
0001101011,[[0.57453698 0.69642934]
 [0.54195322 0.32291718]
 [0.6158334  0.55813597]
 [0.32429048 0.31329925]
 [0.1955343  0.42978199]
 [0.19501488 0.39498945]
 [0.43562968 0.39951334]
 [0.36370839 0.22481128]
 [0.40614318 0.79122926]
 [0.24711547 0.63358121]]
0001101100,[[0.57453698 0.69642934]
 [0.54195322 0.32291718]
 [0.6158334  0.55813597]
 [0.32429048 0.31329925]
 [0.1955343  0.42978199]
 [0.19501488 0.39498945]
 [0.43562968 0.39951334]
 [0.36370839 0.22481128]
 [0.40614318 0.79122926]
 [0.24711547 0.63358121]]
0001101101,[[0.57453698 0.69642934]
 [0.54195322 0.32291718]
 [0.6158334  0.55813597]
 [0.32429048 0.31329925]
 [0.1955343  0.42978199]
 [0.19501488 0.39498945]
 [0.43562968 0.39951334]
 [0.36370839 0.22481128]
 [0.40614318 0.79122926]
 [0.24711547 0.63358121]]
0001101110,[[0.57453698 0.69642934]
 [0.54195322 0.32291718]
 [0.6158334  0.55813597]
 [0.32429048 0.31329925]
 [0.1955343  0.42978199]
 [0.19501488 0.39498945]
 [0.43562968 0.39951334]
 [0.36370839 0.22481128]
 [0.40614318 0.79122926]
 [0.24711547 0.63358121]]
0001101111,[[0.57453698 0.69642934]
 [0.54195322 0.32291718]
 [0.6158334  0.55813597]
 [0.32429048 0.31329925]
 [0.1955343  0.42978199]
 [0.19501488 0.39498945]
 [0.43562968 0.39951334]
 [0.36370839 0.22481128]
 [0.40614318 0.79122926]
 [0.24711547 0.63358121]]
0001110000,[[0.57453698 0.69642934]
 [0.54195322 0.32291718]
 [0.6158334  0.55813597]
 [0.32429048 0.31329925]
 [0.1955343  0.42978199]
 [0.19501488 0.39498945]
 [0.43562968 0.39951334]
 [0.36370839 0.22481128]
 [0.40614318 0.79122926]
 [0.24711547 0.63358121]]
0001110001,[[0.57453698 0.69642934]
 [0.54195322 0.32291718]
 [0.6158334  0.55813597]
 [0.32429048 0.31329925]
 [0.1955343  0.42978199]
 [0.19501488 0.39498945]
 [0.43562968 0.39951334]
 [0.36370839 0.22481128]
 [0.40614318 0.79122926]
 [0.24711547 0.63358121]]
0001110010,[[0.57453698 0.69642934]
 [0.54195322 0.32291718]
 [0.6158334  0.55813597]
 [0.32429048 0.31329925]
 [0.1955343  0.42978199]
 [0.19501488 0.39498945]
 [0.43562968 0.39951334]
 [0.36370839 0.22481128]
 [0.40614318 0.79122926]
 [0.24711547 0.63358121]]
0001110011,[[0.57453698 0.69642934]
 [0.54195322 0.32291718]
 [0.6158334  0.55813597]
 [0.32429048 0.31329925]
 [0.1955343  0.42978199]
 [0.19501488 0.39498945]
 [0.43562968 0.39951334]
 [0.36370839 0.22481128]
 [0.40614318 0.79122926]
 [0.24711547 0.63358121]]
0001110100,[[0.57453698 0.69642934]
 [0.54195322 0.32291718]
 [0.6158334  0.55813597]
 [0.32429048 0.31329925]
 [0.1955343  0.42978199]
 [0.19501488 0.39498945]
 [0.43562968 0.39951334]
 [0.36370839 0.22481128]
 [0.40614318 0.79122926]
 [0.24711547 0.63358121]]
0001110101,[[0.57453698 0.69642934]
 [0.54195322 0.32291718]
 [0.6158334  0.55813597]
 [0.32429048 0.31329925]
 [0.1955343  0.42978199]
 [0.19501488 0.39498945]
 [0.43562968 0.39951334]
 [0.36370839 0.22481128]
 [0.40614318 0.79122926]
 [0.24711547 0.63358121]]
0001110110,[[0.57453698 0.69642934]
 [0.54195322 0.32291718]
 [0.6158334  0.55813597]
 [0.32429048 0.31329925]
 [0.1955343  0.42978199]
 [0.19501488 0.39498945]
 [0.43562968 0.39951334]
 [0.36370839 0.22481128]
 [0.40614318 0.79122926]
 [0.24711547 0.63358121]]
0001110111,[[0.57453698 0.69642934]
 [0.54195322 0.32291718]
 [0.6158334  0.55813597]
 [0.32429048 0.31329925]
 [0.1955343  0.42978199]
 [0.19501488 0.39498945]
 [0.43562968 0.39951334]
 [0.36370839 0.22481128]
 [0.40614318 0.79122926]
 [0.24711547 0.63358121]]
0001111000,[[0.57453698 0.69642934]
 [0.54195322 0.32291718]
 [0.6158334  0.55813597]
 [0.32429048 0.31329925]
 [0.1955343  0.42978199]
 [0.19501488 0.39498945]
 [0.43562968 0.39951334]
 [0.36370839 0.22481128]
 [0.40614318 0.79122926]
 [0.24711547 0.63358121]]
0001111001,[[0.57453698 0.69642934]
 [0.54195322 0.32291718]
 [0.6158334  0.55813597]
 [0.32429048 0.31329925]
 [0.1955343  0.42978199]
 [0.19501488 0.39498945]
 [0.43562968 0.39951334]
 [0.36370839 0.22481128]
 [0.40614318 0.79122926]
 [0.24711547 0.63358121]]
